-2
5
-47
4
16
14
-28
-11
-5
-54
42
32
82
-13
9
30
-10
-3
-46
-19
13
-17
17
34
-3
-21
15
-1
-26
34
-3
-18
45
-2
-7
-1
-7
50
-45
22
63
29
-6
-24
24
-7
17
-63
33
36
12
18
-2
-23
-22
-16
-36
31
-16
-27
4
-25
21
-24
50
-5
-10
25
-30
-4
-17
-7
-7
-34
-14
-21
-52
-34
-25
-58
48
26
-27
-48
18
22
-28
21
-21
41
72
20
10
7
30
-14
-9
3
3
77
41
-1
15
18
-56
-18
-23
32
6
-48
41
24
-45
0
66
34
-6
49
-31
-8
6
4
-7
2
10
-44
-3
20
4
-28
-25
8
10
-12
-14
-1
9
18
20
-16
25
-22
-28
41
52
-34
-41
30
-27
-24
-11
-37
-34
-30
23
0
-24
25
21
-45
5
17
14
-23
-20
18
-7
-5
36
-23
-17
-41
0
-15
40
-15
3
-3
9
-36
-8
-41
-19
-36
8
8
11
-27
-17
-1
30
-23
55
-8
-29
12
17
10
-11
-17
-29
32
-35
3
-8
-43
0
49
-33
-14
-14
-14
-37
45
10
3
-33
-38
-37
-20
42
-33
-64
2
19
-48
24
-26
34
-19
-56
54
-17
14
-7
-7
-21
11
16
45
55
-13
-17
-39
24
-2
42
54
3
5
2
0
24
-33
72
14
3
-24
44
26
30
-31
20
31
-29
-37
-10
-50
1
26
-17
-22
66
18
-24
10
25
-23
57
23
-20
-49
3
-2
-25
-5
-9
-6
34
16
45
21
8
9
-20
4
51
-4
-22
-6
